0	0	0	0
0.0980171	0.015625	0.015625	0.0986337
0.19509	0.03125	0.03125	0.196299
0.290285	0.046875	0.046875	0.292039
0.382683	0.0625	0.0625	0.384915
0.471397	0.078125	0.078125	0.474019
0.55557	0.09375	0.09375	0.558482
0.634393	0.109375	0.109375	0.637482
0.707107	0.125	0.125	0.710252
0.77301	0.140625	0.140625	0.776092
0.83147	0.15625	0.15625	0.834369
0.881921	0.171875	0.171875	0.884526
0.92388	0.1875	0.1875	0.926089
0.95694	0.203125	0.203125	0.958671
0.980785	0.21875	0.21875	0.98197
0.995185	0.234375	0.234375	0.995778
1	0.25	0.25	0.99998
0.995185	0.265625	0.265625	0.994553
0.980785	0.28125	0.28125	0.979566
0.95694	0.296875	0.296875	0.95518
0.92388	0.3125	0.3125	0.921647
0.881921	0.328125	0.328125	0.879302
0.83147	0.34375	0.34375	0.828564
0.77301	0.359375	0.359375	0.76993
0.707107	0.375	0.375	0.703969
0.634393	0.390625	0.390625	0.631319
0.55557	0.40625	0.40625	0.552677
0.471397	0.421875	0.421875	0.468795
0.382683	0.4375	0.4375	0.380472
0.290285	0.453125	0.453125	0.288548
0.19509	0.46875	0.46875	0.193895
0.0980171	0.484375	0.484375	0.0974079
1.22465e-16	0.5	0.5	1.217e-16
-0.0980171	0.515625	0.515625	-0.0974083
-0.19509	0.53125	0.53125	-0.193896
-0.290285	0.546875	0.546875	-0.288551
-0.382683	0.5625	0.5625	-0.380478
-0.471397	0.578125	0.578125	-0.468803
-0.55557	0.59375	0.59375	-0.552689
-0.634393	0.609375	0.609375	-0.631335
-0.707107	0.625	0.625	-0.703989
-0.77301	0.640625	0.640625	-0.769953
-0.83147	0.65625	0.65625	-0.828591
-0.881921	0.671875	0.671875	-0.879332
-0.92388	0.6875	0.6875	-0.92168
-0.95694	0.703125	0.703125	-0.955216
-0.980785	0.71875	0.71875	-0.979604
-0.995185	0.734375	0.734375	-0.994592
-1	0.75	0.75	-1.00002
-0.995185	0.765625	0.765625	-0.995818
-0.980785	0.78125	0.78125	-0.982008
-0.95694	0.796875	0.796875	-0.958707
-0.92388	0.8125	0.8125	-0.926123
-0.881921	0.828125	0.828125	-0.884556
-0.83147	0.84375	0.84375	-0.834396
-0.77301	0.859375	0.859375	-0.776116
-0.707107	0.875	0.875	-0.710272
-0.634393	0.890625	0.890625	-0.637497
-0.55557	0.90625	0.90625	-0.558494
-0.471397	0.921875	0.921875	-0.474028
-0.382683	0.9375	0.9375	-0.384921
-0.290285	0.953125	0.953125	-0.292042
-0.19509	0.96875	0.96875	-0.196301
-0.0980171	0.984375	0.984375	-0.0986341
