0	0	0	0
0.0980171	0.0185655	0.015625	0.0829798
0.19509	0.0371027	0.03125	0.165474
0.290285	0.0555835	0.046875	0.246996
0.382683	0.0739805	0.0625	0.327056
0.471397	0.0922669	0.078125	0.405158
0.55557	0.110417	0.09375	0.480798
0.634393	0.128407	0.109375	0.553467
0.707107	0.146213	0.125	0.622642
0.77301	0.163815	0.140625	0.687793
0.83147	0.181194	0.15625	0.748375
0.881921	0.198333	0.171875	0.803832
0.92388	0.215216	0.1875	0.853598
0.95694	0.231833	0.203125	0.897094
0.980785	0.248174	0.21875	0.933734
0.995185	0.264231	0.234375	0.962927
1	0.28	0.25	0.984083
0.995185	0.295481	0.265625	0.996619
0.980785	0.310674	0.28125	0.999974
0.95694	0.325583	0.296875	0.993615
0.92388	0.340216	0.3125	0.977063
0.881921	0.354583	0.328125	0.949911
0.83147	0.368694	0.34375	0.911852
0.77301	0.382565	0.359375	0.862709
0.707107	0.396213	0.375	0.802472
0.634393	0.409657	0.390625	0.731336
0.55557	0.422917	0.40625	0.649735
0.471397	0.436017	0.421875	0.558375
0.382683	0.448981	0.4375	0.458255
0.290285	0.461834	0.453125	0.350668
0.19509	0.474603	0.46875	0.237191
0.0980171	0.487316	0.484375	0.119638
1.22465e-16	0.5	0.5	1.49676e-16
-0.0980171	0.512684	0.515625	-0.119638
-0.19509	0.525397	0.53125	-0.237193
-0.290285	0.538166	0.546875	-0.350672
-0.382683	0.551019	0.5625	-0.458261
-0.471397	0.563983	0.578125	-0.558385
-0.55557	0.577083	0.59375	-0.649748
-0.634393	0.590343	0.609375	-0.731353
-0.707107	0.603787	0.625	-0.802492
-0.77301	0.617435	0.640625	-0.862733
-0.83147	0.631306	0.65625	-0.911879
-0.881921	0.645417	0.671875	-0.949942
-0.92388	0.659784	0.6875	-0.977096
-0.95694	0.674417	0.703125	-0.99365
-0.980785	0.689326	0.71875	-1.00001
-0.995185	0.704519	0.734375	-0.996657
-1	0.72	0.75	-0.98412
-0.995185	0.735769	0.765625	-0.962964
-0.980785	0.751826	0.78125	-0.93377
-0.95694	0.768167	0.796875	-0.897129
-0.92388	0.784784	0.8125	-0.853631
-0.881921	0.801667	0.828125	-0.803863
-0.83147	0.818806	0.84375	-0.748402
-0.77301	0.836185	0.859375	-0.687817
-0.707107	0.853787	0.875	-0.622663
-0.634393	0.871593	0.890625	-0.553484
-0.55557	0.889583	0.90625	-0.480811
-0.471397	0.907733	0.921875	-0.405167
-0.382683	0.926019	0.9375	-0.327063
-0.290285	0.944416	0.953125	-0.247
-0.19509	0.962897	0.96875	-0.165476
-0.0980171	0.981434	0.984375	-0.0829803
