0	0	0	0
0.0980171	0.0450301	0.015625	0.0341131
0.19509	0.0897771	0.03125	0.0682104
0.290285	0.13396	0.046875	0.10228
0.382683	0.177305	0.0625	0.136307
0.471397	0.219544	0.078125	0.170278
0.55557	0.260421	0.09375	0.204178
0.634393	0.299693	0.109375	0.237991
0.707107	0.337132	0.125	0.271703
0.77301	0.372528	0.140625	0.305298
0.83147	0.405691	0.15625	0.338759
0.881921	0.436451	0.171875	0.372068
0.92388	0.464664	0.1875	0.405204
0.95694	0.490207	0.203125	0.438147
0.980785	0.512986	0.21875	0.470873
0.995185	0.53293	0.234375	0.503363
1	0.55	0.25	0.535556
0.995185	0.56418	0.265625	0.567626
0.980785	0.575486	0.28125	0.598473
0.95694	0.583957	0.296875	0.632972
0.92388	0.589664	0.3125	0.651437
0.881921	0.592701	0.328125	0.722557
0.83147	0.593191	0.34375	0.640339
0.77301	0.591278	0.359375	0.950689
0.707107	0.587132	0.375	0.456207
0.634393	0.580943	0.390625	1.50065
0.55557	0.572921	0.40625	0.21242
0.471397	0.563294	0.421875	2.23707
0.382683	0.552305	0.4375	0.0833599
0.290285	0.54021	0.453125	2.91906
0.19509	0.527277	0.46875	0.0267647
0.0980171	0.51378	0.484375	3.56143
1.22465e-16	0.5	0.5	7.6845e-05
-0.0980171	0.48622	0.515625	-3.5616
-0.19509	0.472723	0.53125	-0.0267617
-0.290285	0.45979	0.546875	-2.91914
-0.382683	0.447695	0.5625	-0.0833524
-0.471397	0.436706	0.578125	-2.23714
-0.55557	0.427079	0.59375	-0.212402
-0.634393	0.419057	0.609375	-1.50072
-0.707107	0.412868	0.625	-0.456184
-0.77301	0.408722	0.640625	-0.95072
-0.83147	0.406809	0.65625	-0.640332
-0.881921	0.407299	0.671875	-0.722566
-0.92388	0.410336	0.6875	-0.651438
-0.95694	0.416043	0.703125	-0.632975
-0.980785	0.424514	0.71875	-0.598476
-0.995185	0.43582	0.734375	-0.567629
-1	0.45	0.75	-0.535559
-0.995185	0.46707	0.765625	-0.503366
-0.980785	0.487014	0.78125	-0.470877
-0.95694	0.509793	0.796875	-0.438153
-0.92388	0.535336	0.8125	-0.405212
-0.881921	0.563549	0.828125	-0.37208
-0.83147	0.594309	0.84375	-0.338777
-0.77301	0.627472	0.859375	-0.305323
-0.707107	0.662868	0.875	-0.271736
-0.634393	0.700307	0.890625	-0.238031
-0.55557	0.739579	0.90625	-0.204223
-0.471397	0.780456	0.921875	-0.170323
-0.382683	0.822695	0.9375	-0.136346
-0.290285	0.86604	0.953125	-0.102308
-0.19509	0.910223	0.96875	-0.0682252
-0.0980171	0.95497	0.984375	-0.0341173
