0	0	0	0
0.0980171	0.021506	0.015625	0.0715999
0.19509	0.0429554	0.03125	0.142931
0.290285	0.0642921	0.046875	0.213722
0.382683	0.085461	0.0625	0.283697
0.471397	0.106409	0.078125	0.352574
0.55557	0.127084	0.09375	0.42006
0.634393	0.147439	0.109375	0.485848
0.707107	0.167426	0.125	0.549619
0.77301	0.187006	0.140625	0.61103
0.83147	0.206138	0.15625	0.669718
0.881921	0.22479	0.171875	0.725293
0.92388	0.242933	0.1875	0.777332
0.95694	0.260541	0.203125	0.825374
0.980785	0.277597	0.21875	0.868915
0.995185	0.294086	0.234375	0.907402
1	0.31	0.25	0.940223
0.995185	0.325336	0.265625	0.966698
0.980785	0.340097	0.28125	0.986074
0.95694	0.354291	0.296875	0.997511
0.92388	0.367933	0.3125	1.00008
0.881921	0.38104	0.328125	0.992749
0.83147	0.393638	0.34375	0.974395
0.77301	0.405756	0.359375	0.943804
0.707107	0.417426	0.375	0.899715
0.634393	0.428689	0.390625	0.840876
0.55557	0.439584	0.40625	0.766169
0.471397	0.450159	0.421875	0.674795
0.382683	0.460461	0.4375	0.566555
0.290285	0.470542	0.453125	0.442194
0.19509	0.480455	0.46875	0.303744
0.0980171	0.490256	0.484375	0.154721
1.22465e-16	0.5	0.5	1.94224e-16
-0.0980171	0.509744	0.515625	-0.154722
-0.19509	0.519545	0.53125	-0.303747
-0.290285	0.529458	0.546875	-0.4422
-0.382683	0.539539	0.5625	-0.566565
-0.471397	0.549841	0.578125	-0.674809
-0.55557	0.560416	0.59375	-0.766186
-0.634393	0.571311	0.609375	-0.840897
-0.707107	0.582574	0.625	-0.899738
-0.77301	0.594244	0.640625	-0.943829
-0.83147	0.606362	0.65625	-0.974421
-0.881921	0.61896	0.671875	-0.992778
-0.92388	0.632067	0.6875	-1.00011
-0.95694	0.645709	0.703125	-0.997542
-0.980785	0.659903	0.71875	-0.986105
-0.995185	0.674664	0.734375	-0.96673
-1	0.69	0.75	-0.940256
-0.995185	0.705914	0.765625	-0.907435
-0.980785	0.722403	0.78125	-0.868948
-0.95694	0.739459	0.796875	-0.825406
-0.92388	0.757067	0.8125	-0.777364
-0.881921	0.77521	0.828125	-0.725324
-0.83147	0.793862	0.84375	-0.669747
-0.77301	0.812994	0.859375	-0.611056
-0.707107	0.832574	0.875	-0.549642
-0.634393	0.852561	0.890625	-0.485868
-0.55557	0.872916	0.90625	-0.420075
-0.471397	0.893591	0.921875	-0.352586
-0.382683	0.914539	0.9375	-0.283705
-0.290285	0.935708	0.953125	-0.213726
-0.19509	0.957045	0.96875	-0.142933
-0.0980171	0.978494	0.984375	-0.0716004
