0	0	0	0
0.0980171	0.0244465	0.015625	0.0629588
0.19509	0.0488081	0.03125	0.125757
0.290285	0.0730006	0.046875	0.188232
0.382683	0.0969415	0.0625	0.250219
0.471397	0.120551	0.078125	0.311548
0.55557	0.143751	0.09375	0.37204
0.634393	0.16647	0.109375	0.43151
0.707107	0.18864	0.125	0.489759
0.77301	0.210196	0.140625	0.546574
0.83147	0.231082	0.15625	0.601725
0.881921	0.251248	0.171875	0.65496
0.92388	0.270649	0.1875	0.706004
0.95694	0.28925	0.203125	0.754548
0.980785	0.307021	0.21875	0.800246
0.995185	0.323942	0.234375	0.842707
1	0.34	0.25	0.881483
0.995185	0.355192	0.265625	0.916057
0.980785	0.369521	0.28125	0.945824
0.95694	0.383	0.296875	0.970074
0.92388	0.395649	0.3125	0.987958
0.881921	0.407498	0.328125	0.998455
0.83147	0.418582	0.34375	1.00032
0.77301	0.428946	0.359375	0.992008
0.707107	0.43864	0.375	0.971605
0.634393	0.44772	0.390625	0.936688
0.55557	0.456251	0.40625	0.884196
0.471397	0.464301	0.421875	0.810292
0.382683	0.471942	0.4375	0.710359
0.290285	0.479251	0.453125	0.579511
0.19509	0.486308	0.46875	0.414449
0.0980171	0.493197	0.484375	0.217354
1.22465e-16	0.5	0.5	2.75795e-16
-0.0980171	0.506803	0.515625	-0.217356
-0.19509	0.513692	0.53125	-0.414455
-0.290285	0.520749	0.546875	-0.579523
-0.382683	0.528058	0.5625	-0.710376
-0.471397	0.535699	0.578125	-0.810312
-0.55557	0.543749	0.59375	-0.884218
-0.634393	0.55228	0.609375	-0.936711
-0.707107	0.56136	0.625	-0.971628
-0.77301	0.571054	0.640625	-0.992032
-0.83147	0.581418	0.65625	-1.00034
-0.881921	0.592502	0.671875	-0.998479
-0.92388	0.604351	0.6875	-0.987982
-0.95694	0.617	0.703125	-0.970098
-0.980785	0.630479	0.71875	-0.945849
-0.995185	0.644808	0.734375	-0.916083
-1	0.66	0.75	-0.88151
-0.995185	0.676058	0.765625	-0.842735
-0.980785	0.692979	0.78125	-0.800275
-0.95694	0.71075	0.796875	-0.754578
-0.92388	0.729351	0.8125	-0.706035
-0.881921	0.748752	0.828125	-0.654991
-0.83147	0.768918	0.84375	-0.601754
-0.77301	0.789804	0.859375	-0.546602
-0.707107	0.81136	0.875	-0.489785
-0.634393	0.83353	0.890625	-0.431533
-0.55557	0.856249	0.90625	-0.372059
-0.471397	0.879449	0.921875	-0.311562
-0.382683	0.903058	0.9375	-0.250229
-0.290285	0.926999	0.953125	-0.188238
-0.19509	0.951192	0.96875	-0.12576
-0.0980171	0.975553	0.984375	-0.0629595
