0	0	0	0
0.0980171	0.0273871	0.015625	0.056176
0.19509	0.0546608	0.03125	0.11225
0.290285	0.0817092	0.046875	0.168119
0.382683	0.108422	0.0625	0.223679
0.471397	0.134693	0.078125	0.278823
0.55557	0.160418	0.09375	0.333437
0.634393	0.185502	0.109375	0.387402
0.707107	0.209853	0.125	0.440594
0.77301	0.233386	0.140625	0.492877
0.83147	0.256026	0.15625	0.544105
0.881921	0.277706	0.171875	0.594117
0.92388	0.298366	0.1875	0.642737
0.95694	0.317958	0.203125	0.689767
0.980785	0.336444	0.21875	0.734985
0.995185	0.353797	0.234375	0.778138
1	0.37	0.25	0.818933
0.995185	0.385047	0.265625	0.857032
0.980785	0.398944	0.28125	0.892033
0.95694	0.411708	0.296875	0.923457
0.92388	0.423366	0.3125	0.950726
0.881921	0.433956	0.328125	0.973122
0.83147	0.443526	0.34375	0.989749
0.77301	0.452136	0.359375	0.999453
0.707107	0.459853	0.375	1.00072
0.634393	0.466752	0.390625	0.991478
0.55557	0.472918	0.40625	0.968838
0.471397	0.478443	0.421875	0.928516
0.382683	0.483422	0.4375	0.863833
0.290285	0.487959	0.453125	0.763443
0.19509	0.492161	0.46875	0.605092
0.0980171	0.496137	0.484375	0.351791
1.22465e-16	0.5	0.5	4.6754e-16
-0.0980171	0.503863	0.515625	-0.351798
-0.19509	0.507839	0.53125	-0.60511
-0.290285	0.512041	0.546875	-0.763466
-0.382683	0.516578	0.5625	-0.863857
-0.471397	0.521557	0.578125	-0.92854
-0.55557	0.527082	0.59375	-0.968862
-0.634393	0.533248	0.609375	-0.9915
-0.707107	0.540147	0.625	-1.00074
-0.77301	0.547864	0.640625	-0.999473
-0.83147	0.556474	0.65625	-0.989769
-0.881921	0.566044	0.671875	-0.973141
-0.92388	0.576634	0.6875	-0.950744
-0.95694	0.588292	0.703125	-0.923476
-0.980785	0.601056	0.71875	-0.892051
-0.995185	0.614953	0.734375	-0.857051
-1	0.63	0.75	-0.818954
-0.995185	0.646203	0.765625	-0.77816
-0.980785	0.663556	0.78125	-0.735009
-0.95694	0.682042	0.796875	-0.689793
-0.92388	0.701634	0.8125	-0.642765
-0.881921	0.722294	0.828125	-0.594146
-0.83147	0.743974	0.84375	-0.544135
-0.77301	0.766614	0.859375	-0.492908
-0.707107	0.790147	0.875	-0.440624
-0.634393	0.814498	0.890625	-0.387429
-0.55557	0.839582	0.90625	-0.33346
-0.471397	0.865307	0.921875	-0.278841
-0.382683	0.891578	0.9375	-0.223693
-0.290285	0.918291	0.953125	-0.168127
-0.19509	0.945339	0.96875	-0.112254
-0.0980171	0.972613	0.984375	-0.056177
