0	0	0	0
0.0980171	0.0303276	0.015625	0.0507112
0.19509	0.0605135	0.03125	0.101354
0.290285	0.0904177	0.046875	0.151861
0.382683	0.119903	0.0625	0.202164
0.471397	0.148835	0.078125	0.25219
0.55557	0.177086	0.09375	0.301865
0.634393	0.204534	0.109375	0.351112
0.707107	0.231066	0.125	0.399847
0.77301	0.256577	0.140625	0.447982
0.83147	0.28097	0.15625	0.495422
0.881921	0.304163	0.171875	0.542063
0.92388	0.326082	0.1875	0.58779
0.95694	0.346666	0.203125	0.632477
0.980785	0.365868	0.21875	0.675979
0.995185	0.383653	0.234375	0.718137
1	0.4	0.25	0.758763
0.995185	0.414903	0.265625	0.797644
0.980785	0.428368	0.28125	0.834528
0.95694	0.440416	0.296875	0.869116
0.92388	0.451082	0.3125	0.901046
0.881921	0.460413	0.328125	0.929879
0.83147	0.46847	0.34375	0.955063
0.77301	0.475327	0.359375	0.975894
0.707107	0.481066	0.375	0.991455
0.634393	0.485784	0.390625	1.00051
0.55557	0.489586	0.40625	1.00129
0.471397	0.492585	0.421875	0.991269
0.382683	0.494903	0.4375	0.966747
0.290285	0.496668	0.453125	0.917265
0.19509	0.498014	0.46875	0.845172
0.0980171	0.499078	0.484375	0.708829
1.22465e-16	0.5	0.5	1.21971e-15
-0.0980171	0.500922	0.515625	-0.708861
-0.19509	0.501986	0.53125	-0.845204
-0.290285	0.503332	0.546875	-0.917292
-0.382683	0.505097	0.5625	-0.966772
-0.471397	0.507415	0.578125	-0.991292
-0.55557	0.510414	0.59375	-1.00131
-0.634393	0.514216	0.609375	-1.00052
-0.707107	0.518934	0.625	-0.991472
-0.77301	0.524673	0.640625	-0.975911
-0.83147	0.53153	0.65625	-0.955078
-0.881921	0.539587	0.671875	-0.929893
-0.92388	0.548918	0.6875	-0.90106
-0.95694	0.559584	0.703125	-0.869129
-0.980785	0.571632	0.71875	-0.834542
-0.995185	0.585097	0.734375	-0.797659
-1	0.6	0.75	-0.758779
-0.995185	0.616347	0.765625	-0.718154
-0.980785	0.634132	0.78125	-0.675999
-0.95694	0.653334	0.796875	-0.632499
-0.92388	0.673918	0.8125	-0.587815
-0.881921	0.695837	0.828125	-0.542091
-0.83147	0.71903	0.84375	-0.495452
-0.77301	0.743423	0.859375	-0.448014
-0.707107	0.768934	0.875	-0.399879
-0.634393	0.795466	0.890625	-0.351143
-0.55557	0.822914	0.90625	-0.301893
-0.471397	0.851165	0.921875	-0.252212
-0.382683	0.880097	0.9375	-0.20218
-0.290285	0.909582	0.953125	-0.151872
-0.19509	0.939486	0.96875	-0.101359
-0.0980171	0.969672	0.984375	-0.0507125
