0	0	0	0
0.0980171	0.0332681	0.015625	0.0462146
0.19509	0.0663663	0.03125	0.0923817
0.290285	0.0991262	0.046875	0.138455
0.382683	0.131383	0.0625	0.184387
0.471397	0.162976	0.078125	0.23013
0.55557	0.193753	0.09375	0.275631
0.634393	0.223566	0.109375	0.320838
0.707107	0.252279	0.125	0.365694
0.77301	0.279767	0.140625	0.41014
0.83147	0.305915	0.15625	0.454111
0.881921	0.330621	0.171875	0.497539
0.92388	0.353798	0.1875	0.540348
0.95694	0.375374	0.203125	0.582453
0.980785	0.395291	0.21875	0.62376
0.995185	0.413508	0.234375	0.664166
1	0.43	0.25	0.703551
0.995185	0.444758	0.265625	0.741777
0.980785	0.457791	0.28125	0.778687
0.95694	0.469124	0.296875	0.814095
0.92388	0.478798	0.3125	0.84778
0.881921	0.486871	0.328125	0.879477
0.83147	0.493415	0.34375	0.908858
0.77301	0.498517	0.359375	0.935515
0.707107	0.502279	0.375	0.958954
0.634393	0.504816	0.390625	0.978337
0.55557	0.506253	0.40625	0.993284
0.471397	0.506726	0.421875	1.00238
0.382683	0.506383	0.4375	0.991574
0.290285	0.505376	0.453125	1.0518
0.19509	0.503866	0.46875	0.746854
0.0980171	0.502018	0.484375	1.59624
1.22465e-16	0.5	0.5	1.00791e-14
-0.0980171	0.497982	0.515625	-1.59634
-0.19509	0.496134	0.53125	-0.746855
-0.290285	0.494624	0.546875	-1.05184
-0.382683	0.493617	0.5625	-0.991594
-0.471397	0.493274	0.578125	-1.0024
-0.55557	0.493747	0.59375	-0.993301
-0.634393	0.495184	0.609375	-0.978353
-0.707107	0.497721	0.625	-0.958968
-0.77301	0.501483	0.640625	-0.935527
-0.83147	0.506585	0.65625	-0.908869
-0.881921	0.513129	0.671875	-0.879487
-0.92388	0.521202	0.6875	-0.84779
-0.95694	0.530876	0.703125	-0.814105
-0.980785	0.542209	0.71875	-0.778697
-0.995185	0.555242	0.734375	-0.741787
-1	0.57	0.75	-0.703562
-0.995185	0.586492	0.765625	-0.664179
-0.980785	0.604709	0.78125	-0.623776
-0.95694	0.624626	0.796875	-0.582471
-0.92388	0.646202	0.8125	-0.540369
-0.881921	0.669379	0.828125	-0.497565
-0.83147	0.694085	0.84375	-0.45414
-0.77301	0.720233	0.859375	-0.410172
-0.707107	0.747721	0.875	-0.365728
-0.634393	0.776434	0.890625	-0.320872
-0.55557	0.806247	0.90625	-0.275663
-0.471397	0.837024	0.921875	-0.230157
-0.382683	0.868617	0.9375	-0.184408
-0.290285	0.900874	0.953125	-0.138469
-0.19509	0.933634	0.96875	-0.0923883
-0.0980171	0.966732	0.984375	-0.0462164
