0	0	0	0
0.0980171	0.0362086	0.015625	0.0424501
0.19509	0.072219	0.03125	0.0848659
0.290285	0.107835	0.046875	0.127215
0.382683	0.142864	0.0625	0.169464
0.471397	0.177118	0.078125	0.211578
0.55557	0.21042	0.09375	0.25352
0.634393	0.242598	0.109375	0.295254
0.707107	0.273492	0.125	0.33674
0.77301	0.302957	0.140625	0.377936
0.83147	0.330859	0.15625	0.418799
0.881921	0.357078	0.171875	0.459281
0.92388	0.381515	0.1875	0.49933
0.95694	0.404082	0.203125	0.538888
0.980785	0.424715	0.21875	0.577893
0.995185	0.443364	0.234375	0.616275
1	0.46	0.25	0.653955
0.995185	0.474614	0.265625	0.690845
0.980785	0.487215	0.28125	0.726841
0.95694	0.497832	0.296875	0.761827
0.92388	0.506515	0.3125	0.795665
0.881921	0.513328	0.328125	0.828187
0.83147	0.518359	0.34375	0.859209
0.77301	0.521707	0.359375	0.888561
0.707107	0.523492	0.375	0.914932
0.634393	0.523848	0.390625	0.945171
0.55557	0.52292	0.40625	0.941458
0.471397	0.520868	0.421875	1.05694
0.382683	0.517864	0.4375	0.789968
0.290285	0.514085	0.453125	1.53496
0.19509	0.509719	0.46875	0.31576
0.0980171	0.504959	0.484375	2.64165
1.22465e-16	0.5	0.5	6.14741e-13
-0.0980171	0.495041	0.515625	-2.64178
-0.19509	0.490281	0.53125	-0.315738
-0.290285	0.485915	0.546875	-1.53504
-0.382683	0.482136	0.5625	-0.789958
-0.471397	0.479132	0.578125	-1.05697
-0.55557	0.47708	0.59375	-0.941468
-0.634393	0.476152	0.609375	-0.945184
-0.707107	0.476508	0.625	-0.914943
-0.77301	0.478293	0.640625	-0.888571
-0.83147	0.481641	0.65625	-0.859218
-0.881921	0.486672	0.671875	-0.828195
-0.92388	0.493485	0.6875	-0.795672
-0.95694	0.502168	0.703125	-0.761834
-0.980785	0.512785	0.71875	-0.726848
-0.995185	0.525386	0.734375	-0.690852
-1	0.54	0.75	-0.653963
-0.995185	0.556636	0.765625	-0.616285
-0.980785	0.575285	0.78125	-0.577905
-0.95694	0.595918	0.796875	-0.538902
-0.92388	0.618485	0.8125	-0.499348
-0.881921	0.642922	0.828125	-0.459303
-0.83147	0.669141	0.84375	-0.418826
-0.77301	0.697043	0.859375	-0.377968
-0.707107	0.726508	0.875	-0.336775
-0.634393	0.757402	0.890625	-0.295291
-0.55557	0.78958	0.90625	-0.253556
-0.471397	0.822882	0.921875	-0.211609
-0.382683	0.857136	0.9375	-0.169489
-0.290285	0.892165	0.953125	-0.127232
-0.19509	0.927781	0.96875	-0.0848742
-0.0980171	0.963791	0.984375	-0.0424524
