0	0	0	0
0.0980171	0.0391491	0.015625	0.0392526
0.19509	0.0780717	0.03125	0.0784794
0.290285	0.116543	0.046875	0.117657
0.382683	0.154344	0.0625	0.156762
0.471397	0.19126	0.078125	0.195768
0.55557	0.227087	0.09375	0.23465
0.634393	0.261629	0.109375	0.273379
0.707107	0.294706	0.125	0.311928
0.77301	0.326148	0.140625	0.350267
0.83147	0.355803	0.15625	0.388366
0.881921	0.383536	0.171875	0.42619
0.92388	0.409231	0.1875	0.463703
0.95694	0.432791	0.203125	0.500864
0.980785	0.454138	0.21875	0.537631
0.995185	0.473219	0.234375	0.573956
1	0.49	0.25	0.609784
0.995185	0.504469	0.265625	0.645056
0.980785	0.516638	0.28125	0.679704
0.95694	0.526541	0.296875	0.713656
0.92388	0.534231	0.3125	0.746776
0.881921	0.539786	0.328125	0.77932
0.83147	0.543303	0.34375	0.809009
0.77301	0.544898	0.359375	0.846374
0.707107	0.544706	0.375	0.846987
0.634393	0.542879	0.390625	0.967285
0.55557	0.539587	0.40625	0.747697
0.471397	0.53501	0.421875	1.36878
0.382683	0.529344	0.4375	0.399018
0.290285	0.522793	0.453125	2.24422
0.19509	0.515572	0.46875	0.11476
0.0980171	0.507899	0.484375	3.18814
1.22465e-16	0.5	0.5	1.71693e-10
-0.0980171	0.492101	0.515625	-3.18825
-0.19509	0.484428	0.53125	-0.114749
-0.290285	0.477207	0.546875	-2.24433
-0.382683	0.470656	0.5625	-0.398992
-0.471397	0.46499	0.578125	-1.36884
-0.55557	0.460413	0.59375	-0.747684
-0.634393	0.457121	0.609375	-0.967306
-0.707107	0.455294	0.625	-0.846992
-0.77301	0.455102	0.640625	-0.846383
-0.83147	0.456697	0.65625	-0.809015
-0.881921	0.460214	0.671875	-0.779326
-0.92388	0.465769	0.6875	-0.746782
-0.95694	0.473459	0.703125	-0.713661
-0.980785	0.483362	0.71875	-0.679709
-0.995185	0.495531	0.734375	-0.645061
-1	0.51	0.75	-0.609789
-0.995185	0.526781	0.765625	-0.573962
-0.980785	0.545862	0.78125	-0.53764
-0.95694	0.567209	0.796875	-0.500875
-0.92388	0.590769	0.8125	-0.463717
-0.881921	0.616464	0.828125	-0.426209
-0.83147	0.644197	0.84375	-0.38839
-0.77301	0.673852	0.859375	-0.350297
-0.707107	0.705294	0.875	-0.311963
-0.634393	0.738371	0.890625	-0.273418
-0.55557	0.772913	0.90625	-0.234689
-0.471397	0.80874	0.921875	-0.195805
-0.382683	0.845656	0.9375	-0.156792
-0.290285	0.883457	0.953125	-0.117677
-0.19509	0.921928	0.96875	-0.0784896
-0.0980171	0.960851	0.984375	-0.0392553
