0	0	0	0
0.0980171	0.0420896	0.015625	0.0365029
0.19509	0.0839244	0.03125	0.0729858
0.290285	0.125252	0.046875	0.109432
0.382683	0.165825	0.0625	0.145824
0.471397	0.205402	0.078125	0.182142
0.55557	0.243754	0.09375	0.218366
0.634393	0.280661	0.109375	0.254477
0.707107	0.315919	0.125	0.290454
0.77301	0.349338	0.140625	0.326276
0.83147	0.380747	0.15625	0.36192
0.881921	0.409994	0.171875	0.397362
0.92388	0.436947	0.1875	0.432574
0.95694	0.461499	0.203125	0.467529
0.980785	0.483562	0.21875	0.502195
0.995185	0.503075	0.234375	0.536538
1	0.52	0.25	0.570521
0.995185	0.534325	0.265625	0.604109
0.980785	0.546062	0.28125	0.637199
0.95694	0.555249	0.296875	0.670101
0.92388	0.561947	0.3125	0.700832
0.881921	0.566244	0.328125	0.73811
0.83147	0.568247	0.34375	0.747338
0.77301	0.568088	0.359375	0.846339
0.707107	0.565919	0.375	0.694526
0.634393	0.561911	0.390625	1.16065
0.55557	0.556254	0.40625	0.432843
0.471397	0.549152	0.421875	1.86467
0.382683	0.540825	0.4375	0.171625
0.290285	0.531502	0.453125	2.69499
0.19509	0.521424	0.46875	0.0516732
0.0980171	0.51084	0.484375	3.43531
1.22465e-16	0.5	0.5	9.71358e-08
-0.0980171	0.48916	0.515625	-3.43541
-0.19509	0.478576	0.53125	-0.0516684
-0.290285	0.468498	0.546875	-2.69508
-0.382683	0.459175	0.5625	-0.17161
-0.471397	0.450848	0.578125	-1.86476
-0.55557	0.443746	0.59375	-0.432817
-0.634393	0.438089	0.609375	-1.1607
-0.707107	0.434081	0.625	-0.694516
-0.77301	0.431912	0.640625	-0.846354
-0.83147	0.431753	0.65625	-0.747341
-0.881921	0.433756	0.671875	-0.738116
-0.92388	0.438053	0.6875	-0.700836
-0.95694	0.444751	0.703125	-0.670105
-0.980785	0.453938	0.71875	-0.637203
-0.995185	0.465675	0.734375	-0.604113
-1	0.48	0.75	-0.570525
-0.995185	0.496925	0.765625	-0.536543
-0.980785	0.516438	0.78125	-0.502201
-0.95694	0.538501	0.796875	-0.467537
-0.92388	0.563053	0.8125	-0.432586
-0.881921	0.590006	0.828125	-0.397377
-0.83147	0.619253	0.84375	-0.361941
-0.77301	0.650662	0.859375	-0.326304
-0.707107	0.684081	0.875	-0.290489
-0.634393	0.719339	0.890625	-0.254517
-0.55557	0.756246	0.90625	-0.218409
-0.471397	0.794598	0.921875	-0.182183
-0.382683	0.834175	0.9375	-0.145858
-0.290285	0.874748	0.953125	-0.109456
-0.19509	0.916076	0.96875	-0.0729982
-0.0980171	0.95791	0.984375	-0.0365063
